1 4 
1 5 
1 7 
1 8 
1 9 
1 11 
1 12 
1 13 
1 17 
1 18 
1 19 
1 20 
1 21 
1 23 
1 27 
1 28 
1 32 
1 33 
1 35 
1 36 
1 39 
1 40 
1 42 
1 44 
1 45 
1 46 
1 47 
1 48 
1 49 
2 3 
2 5 
2 7 
2 13 
2 14 
2 16 
2 18 
2 19 
2 22 
2 24 
2 25 
2 30 
2 31 
2 33 
2 35 
2 37 
2 38 
2 39 
2 40 
2 43 
2 44 
2 45 
2 46 
2 47 
2 48 
2 50 
3 4 
3 5 
3 6 
3 7 
3 11 
3 12 
3 16 
3 20 
3 23 
3 24 
3 25 
3 26 
3 28 
3 29 
3 31 
3 32 
3 34 
3 35 
3 37 
3 38 
3 44 
3 46 
4 5 
4 6 
4 7 
4 9 
4 16 
4 17 
4 19 
4 20 
4 21 
4 23 
4 25 
4 26 
4 27 
4 28 
4 33 
4 35 
4 36 
4 37 
4 38 
4 39 
4 40 
4 41 
4 42 
4 44 
4 45 
4 50 
5 6 
5 7 
5 10 
5 12 
5 13 
5 15 
5 17 
5 18 
5 20 
5 25 
5 27 
5 29 
5 33 
5 37 
5 41 
5 42 
5 44 
5 45 
5 49 
6 9 
6 10 
6 11 
6 12 
6 14 
6 16 
6 19 
6 25 
6 26 
6 30 
6 32 
6 35 
6 40 
6 43 
6 45 
6 47 
6 48 
7 8 
7 11 
7 12 
7 13 
7 14 
7 15 
7 18 
7 26 
7 28 
7 29 
7 32 
7 34 
7 37 
7 38 
7 40 
7 41 
7 42 
7 43 
7 48 
8 9 
8 12 
8 15 
8 17 
8 19 
8 21 
8 30 
8 31 
8 33 
8 35 
8 36 
8 38 
8 39 
8 41 
8 44 
8 47 
8 50 
9 10 
9 11 
9 12 
9 13 
9 15 
9 16 
9 17 
9 18 
9 19 
9 21 
9 23 
9 24 
9 30 
9 31 
9 37 
9 38 
9 39 
9 40 
9 41 
9 42 
9 43 
9 45 
9 47 
9 48 
10 12 
10 15 
10 17 
10 19 
10 23 
10 24 
10 26 
10 27 
10 28 
10 30 
10 31 
10 33 
10 35 
10 36 
10 39 
10 41 
10 44 
10 45 
10 48 
10 50 
11 13 
11 16 
11 18 
11 19 
11 20 
11 21 
11 24 
11 28 
11 33 
11 35 
11 36 
11 37 
11 39 
11 41 
11 42 
11 43 
11 45 
11 46 
11 47 
11 48 
12 13 
12 16 
12 18 
12 20 
12 22 
12 24 
12 25 
12 26 
12 28 
12 34 
12 40 
12 41 
12 42 
12 43 
12 44 
12 46 
12 47 
12 48 
13 14 
13 16 
13 21 
13 25 
13 27 
13 33 
13 35 
13 36 
13 39 
13 42 
13 45 
13 47 
13 48 
13 49 
13 50 
14 15 
14 18 
14 20 
14 21 
14 23 
14 29 
14 33 
14 37 
14 38 
14 40 
14 42 
14 43 
14 44 
14 45 
14 46 
14 47 
14 49 
14 50 
15 16 
15 17 
15 21 
15 25 
15 26 
15 27 
15 28 
15 29 
15 30 
15 32 
15 34 
15 35 
15 36 
15 38 
15 39 
15 42 
15 43 
15 44 
15 45 
15 46 
15 48 
15 50 
16 19 
16 21 
16 22 
16 24 
16 25 
16 28 
16 35 
16 36 
16 38 
16 39 
16 40 
16 42 
16 43 
16 45 
16 46 
17 18 
17 22 
17 23 
17 24 
17 25 
17 29 
17 30 
17 32 
17 35 
17 36 
17 38 
17 39 
17 41 
17 42 
17 44 
17 46 
17 47 
17 48 
17 49 
18 19 
18 23 
18 25 
18 26 
18 27 
18 28 
18 32 
18 36 
18 37 
18 38 
18 43 
18 45 
18 46 
18 47 
19 21 
19 26 
19 28 
19 29 
19 30 
19 32 
19 33 
19 34 
19 35 
19 36 
19 37 
19 40 
19 44 
19 45 
19 47 
19 48 
19 49 
19 50 
20 21 
20 22 
20 23 
20 24 
20 26 
20 27 
20 29 
20 30 
20 31 
20 32 
20 36 
20 39 
20 43 
20 44 
20 45 
20 46 
20 47 
20 48 
20 49 
20 50 
21 22 
21 23 
21 25 
21 26 
21 28 
21 29 
21 30 
21 32 
21 33 
21 34 
21 40 
21 41 
21 44 
21 49 
21 50 
22 23 
22 24 
22 25 
22 26 
22 28 
22 29 
22 30 
22 33 
22 36 
22 37 
22 38 
22 41 
22 42 
22 48 
22 50 
23 26 
23 30 
23 31 
23 32 
23 35 
23 36 
23 38 
23 39 
23 40 
23 43 
23 45 
23 46 
24 25 
24 28 
24 34 
24 35 
24 36 
24 37 
24 40 
24 43 
24 44 
24 45 
24 46 
24 47 
24 48 
24 49 
25 30 
25 32 
25 34 
25 37 
25 38 
25 41 
25 43 
25 44 
25 46 
25 47 
25 48 
26 27 
26 29 
26 32 
26 34 
26 36 
26 38 
26 39 
26 40 
26 45 
26 46 
26 48 
26 49 
26 50 
27 28 
27 30 
27 31 
27 32 
27 34 
27 36 
27 37 
27 38 
27 40 
27 45 
27 48 
27 50 
28 29 
28 31 
28 32 
28 34 
28 35 
28 41 
28 43 
28 47 
28 49 
28 50 
29 32 
29 34 
29 37 
29 39 
29 42 
29 43 
29 44 
29 47 
29 48 
29 49 
29 50 
30 32 
30 33 
30 36 
30 38 
30 40 
30 42 
30 45 
30 48 
31 37 
31 38 
31 39 
31 45 
31 46 
32 36 
32 39 
32 41 
32 42 
32 43 
32 45 
32 47 
32 48 
33 34 
33 37 
33 39 
33 42 
33 43 
33 44 
33 47 
33 48 
33 49 
33 50 
34 35 
34 37 
34 42 
34 43 
34 44 
34 45 
34 49 
34 50 
35 36 
35 39 
35 40 
35 41 
35 43 
35 44 
35 46 
35 47 
35 48 
36 38 
36 44 
36 45 
36 46 
36 47 
36 49 
37 39 
37 40 
37 41 
37 45 
37 47 
37 48 
37 50 
38 41 
38 42 
38 43 
38 44 
38 47 
38 48 
38 49 
39 40 
39 42 
39 45 
39 46 
39 47 
39 50 
40 46 
40 48 
40 49 
41 42 
41 43 
41 45 
41 47 
41 48 
41 49 
41 50 
42 46 
42 47 
43 44 
43 46 
43 50 
44 46 
44 49 
45 47 
45 48 
45 49 
45 50 
46 49 
46 50 
47 49 
48 49 
49 50 
